42120,42330,41700,41830,610000,25628028000
43000,43220,42540,42660,448400,19188227000
43940,43970,43270,43270,339900,14780670000
43140,43700,43140,43620,400100,17427993000
43310,43660,43090,43340,358200,15547803000
43660,43840,43190,43480,381600,16586491000
43900,44370,43610,44000,658900,28994316000
42910,43630,42860,43620,499400,21606102000
42790,43150,42740,43130,358700,15428531000
43350,43550,42810,43130,542000,23380606000
43440,43880,42550,43000,627400,27055034000
43300,43440,42590,43090,548800,23600236000
43130,43300,42630,43210,434500,18658982000
43950,44000,42880,43130,775300,33633233000
41700,42970,41150,42590,1975600,83251556000
41480,41560,40830,41100,639900,26310776000
40500,41150,40420,40870,536800,21935649000
40350,40500,39860,40150,618100,24820835000
40060,40350,39690,39760,620500,24756974000
40300,40660,39960,40660,573000,23117924000
40500,41190,40320,40460,850700,34630369000
40300,40340,39570,39570,692200,27596077000
40420,40580,40100,40200,894400,36013470000
41260,41440,40830,41260,384800,15844055000
41820,42020,41220,41370,665500,27635591000
41300,41760,41170,41730,692900,28790748000
39880,40360,39660,40360,500200,20073907000
40210,40270,39510,39970,609600,24304570000
39980,40620,39900,40190,886500,35703144000
39200,39710,39050,39280,573700,22579532000
39130,39750,39110,39400,764300,30177742000
38600,38980,38470,38570,555600,21472470000
37730,38690,37680,38580,784100,30098109000
37590,37940,37190,37600,1329900,50023444000
36480,37110,36000,36890,1309900,47791726000
36920,37220,33520,33680,1570400,54661530000
36870,37050,36410,36550,417500,15297061000
36020,36710,36000,36640,648000,23655440000
35460,35930,35360,35510,499100,17747865000
35450,35940,35420,35540,396700,14154272000
35440,36050,35310,35890,366200,13093352000
35690,36030,35450,35460,344400,12260234000
36020,36450,35980,35980,454200,16400925000
36250,36370,35600,35770,426500,15291775000
36840,36850,36380,36450,353400,12904237000
36500,36940,36450,36850,400800,14747028000
36650,36660,36000,36300,365000,13238639000
36350,36850,36180,36300,579900,21125073000
34910,36330,34910,36330,751800,27080028000
34900,35050,34600,35020,356500,12436404000
34490,34900,34210,34900,477400,16572078000
34710,35030,34180,34210,657500,22641069000
33200,35090,33200,34800,1671000,56859361000
34000,34290,33010,33150,556000,18658970000
33550,34030,33380,33790,464500,15704798000
33580,34040,33560,33920,529400,17932293000
33600,33900,33400,33500,407300,13682994000
34200,34460,34030,34040,454400,15542676000
34150,34200,33600,33940,534400,18158415000
33300,33950,33150,33490,688900,23118399000
32800,32990,32580,32980,421000,13828096000
32030,32490,31970,32290,650400,20982536000
32620,32650,32140,32480,453600,14722481000
32400,32440,31800,32040,558400,17904604000
32530,32650,31860,32400,626100,20247524000
32780,33350,32640,32710,656700,21647340000
32950,33760,32810,33230,692500,23073113000
32370,33190,31010,33000,1536200,49993501000
33480,33530,32480,32510,1042300,34264252000
33990,34400,33600,34360,606600,20713431000
34740,34820,33930,34110,663400,22693009000
35400,35540,34950,35080,466300,16417960000
35880,36140,35560,35750,384100,13744821000
35930,36180,35340,35470,482400,17199133000
36410,36590,35970,36330,1014200,36889956000
36700,36750,36020,36410,475000,17300032000
36600,36900,36220,36390,593600,21647907000
36990,37310,36820,36860,540100,19948406000
36500,37520,36480,37120,780400,28940155000
35750,35900,35340,35700,772200,27486552000
36400,36490,35680,35940,694200,24941742000
36500,36750,36310,36340,443200,16156791000
36220,36500,36210,36440,499700,18192307000
35910,36480,35670,36450,723500,26107629000
35400,35790,34780,35370,1117000,39461941000
35400,35890,34660,35460,1371300,48501935000
36160,36850,35470,35600,897700,32217629000
36680,37050,36480,36580,546500,20064120000
37270,37360,36910,36980,354100,13132610000
36950,37590,36840,37150,587300,21865218000
36880,37620,36450,36560,855000,31613517000
36740,37170,36700,36970,524600,19379792000
37590,37680,36500,36500,961900,35441372000
38140,38230,37580,37630,384700,14553808000
37530,38250,37120,38080,899600,33982071000
37600,37860,36930,37000,825600,30785958000
37700,38250,37180,37500,837900,31590185000
37800,37950,37150,37880,952000,35845304000
35950,36880,35670,36640,1295200,47225205000
35200,35530,34210,35500,1224800,43052588000
34340,35080,33900,34540,1288600,44487561000
34330,34580,33610,33640,640000,21847347000
33300,34900,33110,34670,947300,32604467000
32230,34150,32210,33430,827000,27331777000
33300,33370,32850,32910,385700,12739840000
32880,34240,32830,33630,734500,24689624000
33040,33300,32360,32530,574100,18744455000
32630,33350,32560,33170,473700,15674764000
33160,33240,32530,32640,492500,16162182000
33420,34450,33420,33720,737000,25043771000
33160,33280,32750,32920,662300,21836575000
34500,35000,33120,33700,1391900,47008911000
31000,32660,31000,32660,1675600,53401141000
27750,28010,27390,27660,570100,15815981000
28500,28500,27675,28145,765800,21513187500
27750,27995,27510,27800,909100,25240624500
26200,26995,26105,26845,757700,20164674000
26020,26145,25355,25445,993300,25525390500
26185,26665,25910,26030,603200,15787800500
26000,26070,25305,25900,995800,25553227500
27205,27225,26460,26540,928100,24779478500
26800,27920,26760,27705,555400,15237768000
27710,27845,27155,27360,485300,13308634500
27905,27980,27245,27300,721600,19862697000
27955,27980,27480,27595,790700,21929700000
27000,27730,26705,27455,693000,18878934500
26795,27470,26325,27385,823500,22244382000
29525,29925,26120,26295,1569600,43557682500
28500,29425,28375,29340,684400,19886987500
28465,28550,27765,28230,571500,16092081000
28230,28645,27800,28595,471200,13352295000
27940,28695,27940,28395,736600,20891231500
27535,27900,27435,27550,789100,21783169000
28390,28865,27210,27260,895500,25037095500
28010,28390,27750,28255,733600,20630211000
29060,29190,28055,28330,800300,22787560500
29380,29605,29050,29055,737300,21536135500
29950,30270,29630,29815,1320400,39528311000
30260,30500,29855,29940,505800,15198761000
30030,30450,29810,30450,548200,16525480500
30050,30190,29710,29995,662200,19843414000
29420,30200,29335,30090,704700,21011689000
29205,30450,29100,30120,1410200,42195014000
28800,28800,28100,28180,726800,20575801500
29510,29845,28880,28965,583400,17103515500
29195,29995,29155,29885,532200,15825258500
29195,29485,28905,29385,476000,13927659500
29700,29725,28970,29000,461300,13478600000
29240,29745,29135,29400,685900,20180084500
28165,28830,28090,28740,762100,21793832000
27995,28035,27515,27665,605500,16752917000
28520,28610,27615,27965,593200,16663204000
28375,28870,27930,28775,487300,13892962000
28800,29065,28255,28475,466800,13345060500
28510,28860,28135,28585,799200,22800138000
28750,28945,28235,28660,650500,18570624000
28655,28950,28050,28150,594700,16948792500
29380,29380,28490,28500,874500,25343326000
28610,29115,28205,29020,452600,12992436500
29395,29520,28650,28750,531800,15449366500
29065,29095,28160,28895,755400,21713596000
28195,28670,28050,28610,535900,15243957500
28140,28330,27355,28020,923300,25740706500
27685,28260,27560,27945,1017200,28404862500
31490,32040,29160,29185,1499200,45108636000
30550,31290,30530,30980,1306500,40468879000
30880,31250,30150,30540,887400,27178631000
32110,32490,31050,31140,936700,29582628000
30610,32220,30610,31950,1255200,39521681000
30500,31280,30310,30890,1271300,39149176000
30310,30420,29180,29425,1070000,31592650500
28985,30020,28950,29870,1059500,31410751500
28640,28825,28030,28075,964900,27365674500
29000,30250,28850,29615,1047300,31022179500
29275,29935,29140,29800,1174300,34785700000
27500,28825,27140,28695,1606000,45487353000
26590,27025,26320,26915,833600,22340688500
26620,27090,26375,26815,1159400,30889285500
27500,27785,26395,26610,2352200,63954036500
31880,31880,30370,30490,777300,23986661000
31860,32250,31550,31640,631900,20071263000
32970,32990,31890,32020,850800,27481312000
33770,34080,33300,33410,654300,21928716000
35800,35940,33860,34070,803200,27784248000
36850,36950,36020,36020,648000,23606247000
37040,37050,36470,36500,417200,15313129000
35940,36780,35390,36780,635000,23058365000
36690,36760,36070,36150,391200,14228337000
36480,36720,36270,36410,405700,14799382000
36690,36900,36210,36240,620800,22649742000
36000,36860,35900,36760,765600,27969558000
35760,35900,35100,35660,455200,16173456000
35810,35960,34840,35120,639500,22509104000
36280,36810,35630,35850,572700,20749030000
36000,36260,35660,35910,437900,15740828000
36680,36950,36180,36270,747000,27308060000
35400,36390,35400,36390,824300,29779495000
33400,34850,33350,34590,1626200,54793137000
34200,34230,33840,34030,444900,15148346000
33900,34150,33610,33690,652900,22050308000
34690,34710,33940,34420,809900,27774966000
34810,34810,34400,34490,645500,22305365000
34630,34700,34210,34410,537400,18511028000
33330,34660,33080,34530,1056000,36072066000
32000,33530,31970,33330,1110600,36573891000
31390,31620,30910,31310,757700,23622069000
31520,31990,31280,31340,658800,20768480000
31770,32420,31540,31540,702100,22463858000
31190,31420,30760,31230,619000,19240818000
31700,31800,31170,31320,580000,18238015000
32000,32560,31630,31960,577700,18498263000
31130,32240,31130,31760,693500,22070114000
31610,31780,31040,31500,751100,23597208000
32500,32520,31340,31960,1016000,32490144000
32690,32820,30720,31240,1105600,34917564000
32710,33530,32210,32810,980300,32256538000
33130,33490,32520,33220,1016700,33590590000
31870,32770,31060,32390,2255200,72331720000
33100,33300,31820,32520,1002100,32427166000
33590,34050,32710,32870,1000500,33262837000
34030,35330,33710,35070,835400,28828942000
34750,35070,34080,34590,957900,33099695000
36500,36660,35270,35400,1106300,39412199000
37470,37880,36250,36620,1060500,39028814000
37370,37570,37030,37240,600100,22382940000
38610,38710,37320,37670,884000,33425870000
37320,39890,36660,38430,1626100,62154404000
37090,37730,36930,37120,767900,28623015000
37290,38270,37170,37610,771700,29043300000
37000,37120,36750,36990,814700,30102784000
37650,38190,36790,37870,974800,36684929000
35700,37710,35620,37420,1418900,52465256000
35810,36060,34540,34610,1321500,46719611000
37470,37480,35380,35650,1254300,45220604000
36610,37320,36410,37220,739800,27400333000
36370,36980,35730,36730,795800,29065971000
38120,38490,36810,37000,786100,29473759000
37290,37800,36850,37640,863300,32184162000
37840,38720,37740,38690,805500,30941515000
37210,38050,37130,37630,1074300,40337146000
36700,38580,36180,38140,2502700,93345311000
40000,40500,39010,39050,795900,31474874000
40320,41070,39850,40170,808800,32633905000
40360,41230,40110,40430,817500,33186218000
42000,42200,40450,40650,857100,35244549000
42300,42700,41950,42640,388000,16462625000
42240,42780,41860,42160,500600,21137050000
43240,43350,42300,42590,331200,14120319000
43000,43540,42850,43140,348500,15056076000
43920,43920,43030,43050,459000,19913279000
43940,44000,43120,43230,396800,17214972000
43650,44240,42860,43750,683300,29724913000
45300,47120,44030,44070,1312600,59257297000
45490,45790,44890,45180,929900,42036604000
44660,44960,44010,44520,651600,28924117000
44800,45050,43880,43980,499900,22205966000
44540,44790,44310,44520,624100,27799471000
45190,46270,45190,45940,1498900,68078769000
45650,45850,45300,45440,562700,25605427000
47110,47300,46290,46610,447700,20905430000
47240,47960,47030,47160,386200,18316612000
47470,47860,47340,47520,394400,18753411000
47110,47660,46560,46720,700800,32918190000
48110,48310,47170,48210,916600,43883509000
49600,49640,48910,48980,514800,25301849000
49880,50080,49400,49890,616300,30650355000
49610,49980,49430,49780,487300,24244489000
49390,49840,49250,49640,489800,24266923000
48720,49480,48710,49330,498000,24514678000
48240,48500,47810,48480,404900,19534608000
48150,48320,47980,48230,317200,15283630000
48400,48500,47890,48210,420200,20239173000
48210,48870,47730,48350,713500,34489907000
48000,48400,47450,47480,585200,27997898000
47330,47650,46950,47400,645100,30544838000
46460,46770,46300,46440,474700,22062321000
47700,47820,46900,47490,726600,34504163000
47350,47890,47290,47880,376100,17919981000
47560,48200,47300,47420,542700,25872059000
46550,47650,46420,47600,574400,27124645000
46390,46880,46250,46720,737700,34441056000
44920,45430,44720,45400,499900,22544492000
44600,44920,44160,44770,482000,21505336000
43920,44870,43690,44350,688800,30624145000
43760,44470,43150,43220,442500,19257189000
43400,44560,42930,44380,734900,32306003000
44470,44480,42960,43420,524600,22838850000
44060,44190,43800,44130,357800,15751162000
44150,44280,43650,43780,524300,23030483000
44480,44500,43910,44000,451100,19925066000
43920,44290,43730,43870,880200,38762126000
43200,43700,43010,43220,468300,20255854000
43050,44080,42990,43810,615500,26819139000
43310,43520,42980,43200,312800,13513928000
43060,43580,42940,43130,585400,25346722000
43330,43680,43080,43400,570300,24740505000
42300,43290,41830,42870,748300,32008133000
42000,43530,41650,42730,1391000,59325625000
43600,43600,41970,42260,1425600,60547899000
44440,44910,43710,43900,2522700,111511562000
49380,49480,48350,48640,552800,27008785000
49750,50190,48910,49800,667900,33162462000
50390,50700,49580,50590,606400,30494028000
49260,49940,49110,49730,515100,25556693000
49120,49830,48600,48730,425900,20900196000
48370,49940,48030,49300,808500,39701904000
47700,48660,47280,48490,814000,39198155000
47140,47370,46690,47150,960200,45157835000
46850,47560,46400,47490,644100,30291365000
45410,46800,45410,46800,769700,35580005000
45000,46260,44660,45300,536700,24450285000
46710,47245,46160,46160,570000,26541043500
47075,47460,46665,47405,493800,23302759000
47550,47885,45895,46375,660100,30780213500
46700,47900,46655,47150,707200,33422825500
48060,48250,46020,46365,672500,31600870500
46160,47860,46060,47620,2153600,100354524000
47625,47995,45960,46925,1201700,56173470000
46950,49725,46260,49725,1322600,63979070000
47155,47270,45125,45170,608900,27891213000
46110,47595,45270,46665,696300,32338135000
48150,48345,46120,46465,667100,31329772500
49515,49550,47510,47795,699500,33732633500
46845,49595,46680,48400,946400,46103975000
48990,49145,47480,47480,725400,35077530000
50430,50640,48890,49265,700000,34653583500
50880,51090,50070,50830,645900,32691164000
51000,51380,49620,50290,749100,37672718000
47275,50710,46210,50620,1478500,71405436000
49900,51450,47660,47975,1550200,76941248000
51440,52890,50120,50900,1074700,55018235000
53130,53680,52140,52170,675800,35673740000
53920,54650,53250,54040,465800,25126799000
54130,54740,53740,53860,485500,26264263000
55500,55940,54400,54510,420900,23156417000
55390,55620,55110,55500,254500,14087584000
55090,55450,54470,54990,612900,33756516000
54880,55720,54320,55510,738900,40778629000
55000,55670,54000,54000,853500,46569662000
56540,56760,55020,55550,712200,39719676000
56050,57320,55910,56540,563000,31884997000
56430,57080,56200,56700,643700,36488721000
58880,58900,56920,57220,854100,49254096000
59580,59960,58440,58480,910800,53628659000
60450,61830,60360,61380,502800,30855050000
60820,61280,60440,60740,363300,22071037000
61550,61650,60670,61370,498200,30521965000
60800,61970,60740,61930,737700,45380183000
59880,60460,59480,60230,559600,33606522000
58050,59460,57820,59370,565800,33276920000
57840,58610,57520,58270,376900,21874391000
58900,59080,58210,58250,394400,23053682000
58800,60000,58700,59280,486000,28874506000
58510,59180,58500,58790,440000,25867114000
57800,59280,57580,59270,524100,30673779000
56840,57440,56760,57220,429000,24538202000
56100,56850,55900,56600,613000,34644887000
55840,56070,55240,55670,445300,24824157000
55010,55950,54780,55530,655900,36316976000
54000,54690,53650,54530,671300,36446643000
56000,56020,53740,54010,1901200,103741664000
55200,57460,54760,57460,1136200,63700445000
56250,56540,54810,55180,906400,50454746000
55920,56250,55640,56250,505900,28336606000
54570,55640,54320,54810,876900,48099223000
56130,56280,54880,55740,989600,55060846000
57780,58400,57200,57870,657100,38057906000
55850,56660,55700,56610,439300,24766733000
54900,55560,54530,55560,489700,27011984000
55500,56180,54550,54560,765900,42232452000
56490,56870,56130,56240,413600,23358376000
55390,57000,55360,55970,556400,31280410000
55300,55900,54900,55590,552500,30696124000
53960,55080,53780,55080,675700,36962444000
52380,53960,52350,53910,598500,31970811000
52340,52570,52140,52170,459700,24026458000
52590,52590,52080,52200,398500,20847886000
52550,52720,52050,52560,374400,19613025000
52660,53100,52340,52550,359800,18961892000
52320,52770,52290,52740,361900,19028464000
53400,53400,52440,52770,1304500,69268109000
51390,52980,51370,52980,726900,38088465000
50970,51440,50580,51000,493800,25207828000
51390,51580,50660,50660,517400,26481130000
51330,51750,51250,51720,453900,23403241000
50690,51060,50520,50960,356400,18105270000
51270,51430,50640,50740,432400,22068822000
51250,51270,50830,51030,476000,24299100000
51440,51500,51030,51320,356000,18252608000
51120,51440,50970,51250,351700,17998698000
50700,51640,50550,51300,588000,30160665000
51270,51490,50630,50970,524300,26830709000
50510,50980,50460,50930,424300,21558725000
50750,50950,50520,50880,474200,24096004000
50150,50810,50150,50670,359400,18164225000
50010,50400,49635,50300,395300,19804441500
50110,50460,49995,50100,317500,15924151500
50280,50630,50050,50200,509100,25599881000
49490,50230,49250,50010,728500,36366665500
48505,49130,48280,49035,297700,14566148000
48680,48940,48410,48565,429300,20874748500
49055,49150,48220,48275,666700,32450015500
48545,49545,48130,49515,638200,31296229000
48250,48620,47930,48335,556400,26877922500
47820,48450,47660,48450,498500,24005092500
47100,47790,47030,47120,822600,38849029500
47295,47500,47015,47105,608200,28712900500
47205,47830,47075,47590,554700,26357250000
48480,48480,47295,47295,832300,39767106000
48600,49145,48410,48930,567700,27750221000
48700,48710,48050,48050,481100,23206914000
49225,49435,48675,48705,422900,20682517500
49450,49600,48965,49395,545500,26935760000
48830,49340,48635,49245,549500,26989044500
48270,48500,47730,48385,481500,23155188000
47600,48310,47400,48075,504800,24222356500
48500,48595,47750,47760,534500,25694302500
49220,49270,48520,48600,466000,22717845500
49735,49860,49030,49185,460700,22736848500
49835,50080,49705,49805,377400,18801895500
50200,50350,49750,50150,468900,23473902500
49500,50650,49410,49700,1730300,86416747500
47715,48560,47685,48500,630800,30469496500
47380,47580,47095,47580,483600,22907036500
47410,47540,47020,47540,537700,25466546000
47395,47620,47235,47300,465200,22049742000
47280,47765,47200,47610,511000,24286904500
46865,47280,46505,47115,666400,31350199000
47180,47200,46410,46770,883600,41428885000
47500,47585,46495,46495,860000,40309266000
46455,47880,46430,47455,730600,34586813500
46610,47280,45720,46225,653300,30380138000
46800,47055,46210,46330,508200,23622933000
47125,47255,46525,46925,432400,20283261500
47145,47480,46865,46950,457000,21539297500
46900,47275,46620,47145,477000,22453326500
45670,46815,45670,46815,616800,28606955500
45585,45930,45410,45475,601700,27422566000
46295,46325,45760,46140,468200,21523470000
46810,46845,46175,46200,423600,19637008000
46190,46760,46160,46265,498500,23161078500
46165,46520,45910,46275,1911400,88329791500
45125,45680,44840,45515,582600,26421415000
44190,45395,44105,44920,603900,27121027500
45640,45720,44255,44420,685800,30779639500
45680,45885,45325,45340,511600,23266846500
46180,46720,46015,46115,525300,24324149500
46010,46285,45690,45690,345900,15876667000
45910,46415,45770,46165,363900,16789881000
47000,47035,46000,46040,477800,22111389000
46525,47065,46300,46850,495900,23173087500
46150,46665,46000,46330,558800,25878390000
45030,46050,44940,45990,582500,26601365000
45000,45195,44725,44905,504200,22665613000
44500,45300,44440,45300,728600,32803373000
43545,44455,43270,44355,800900,35283573500
43220,43345,42810,42910,444700,19115553000
43780,43970,43035,43065,563200,24425624000
43505,43740,43325,43705,520800,22709152500
43850,44040,43400,43505,333700,14573050000
44115,44295,44000,44065,296700,13084822000
43940,44250,43850,44005,682000,29989506500
44250,44340,43870,44305,505100,22314017000
43615,43690,43235,43435,456700,19817334500
44435,44445,43900,43935,362200,15964668500
44175,44270,43815,44005,354300,15596388000
43560,43920,43425,43475,477400,20815598500
43100,43890,42930,43850,636800,27719271500
43245,43350,42055,42185,517600,22025296500
43400,43740,43005,43055,430700,18638294000
44300,44400,43720,44020,577500,25407763500
43165,44220,43100,43675,648300,28393390000
42845,43865,42720,43600,582300,25356404000
42870,43380,42670,43160,471200,20310178000
41945,42580,41900,42340,384200,16248469000
42970,43095,42485,42645,356600,15274318000
42500,42530,41800,42270,529300,22340064000
42800,43090,42260,42385,566300,24092982500
41550,42700,41455,42700,509400,21530849000
41850,41900,41210,41530,577600,24002680000
41700,41995,40610,41370,1251300,51689713000
42270,42945,41970,42945,757100,32231235000
43080,43310,41860,41940,998300,42419363000
44060,44295,43250,43575,938300,40956831000
45800,46325,44350,44760,1602100,73033839500
43650,44550,43400,44405,611300,26994657500
43005,43510,43005,43425,727000,31469673000
43365,43745,43110,43255,844600,36611282500
43580,44420,43295,44065,545000,23942914500
44800,44975,44040,44040,584000,25913862000
45730,45865,44205,44885,621900,28075782000
45650,45700,45270,45330,348000,15796561000
45535,45700,45425,45615,375700,17112967500
45155,45880,44840,45830,737100,33612799500
44830,44900,44440,44525,418400,18653888000
44330,44730,44050,44730,937500,41754848000
42640,43715,42525,43715,945700,40830952500
41700,42080,41525,42070,898300,37566123500
41450,41990,41335,41830,975700,40620467000
41525,42765,41525,42295,750900,31726090500
42015,42965,42015,42800,1924700,81321221000
41705,41995,41010,41910,562600,23451125000
42905,43200,42150,42405,604200,25760215000
42825,43620,42805,43415,499700,21630782500
43245,43535,42930,43150,464800,20065624500
43250,43520,43120,43240,520200,22532258500
44165,44185,43500,43925,418800,18363930500
43300,44385,43300,43795,747800,32858321000
43000,43410,42950,43255,416300,17975279000
42715,43540,42715,43425,352600,15268576000
42850,43330,42730,43205,423200,18261660500
42260,42850,42260,42625,438700,18692835500
42240,42700,41940,42540,593500,25145430000
43175,43370,42480,42570,392300,16800669500
42480,43170,42110,43100,661900,28195756000
43470,43495,42690,42845,472700,20311162000
43500,43895,43000,43030,686000,29724780500
43025,43590,42855,43535,612500,26553836500
43800,43910,42215,42615,1059700,45559565000
44665,44730,43760,44205,1788500,79363248500
43605,44370,43110,44285,761400,33390201000
43670,44350,43330,43480,1297700,56856036500
41615,43355,41580,43115,963600,41085380000
41800,41900,41240,41430,530600,22022803500
42935,42935,42100,42325,721700,30584360000
42750,43335,41800,42235,1031000,43966918500
41190,42920,41100,42450,1159300,48925919000
42465,42485,41500,41500,1647900,69129554000
38055,40900,38015,40365,1881900,74382865500
37145,37715,37040,37680,603000,22633836500
36465,37080,36280,36940,663400,24434697500
36700,36875,36120,36135,517600,18800568000
37085,37195,36810,36905,412400,15253769500
37000,37050,36585,36745,602400,22164310000
36500,37085,36460,36590,495600,18196519000
37085,37160,36285,36840,890300,32652401000
37520,37790,36625,36790,867000,32269881000
37445,37940,37205,37905,877200,33070039000
37635,37635,36570,36745,731000,27116553000
36575,37145,36555,37020,990300,36518352000
37600,37680,36960,37640,841300,31471843000
37500,37740,36920,36930,1214800,45284666000
38000,38455,37000,37890,1687300,64016596000
36875,37845,36860,37255,966300,36121605500
36385,36950,36365,36705,532600,19530541000
37355,37490,36855,36965,590500,21954778500
37520,37990,37260,37840,670400,25296045500
37810,37880,36635,37370,1013900,37714542000
36500,36975,36260,36370,766600,28018600000
36615,37210,36525,36780,423800,15636256000
36575,36940,36520,36705,417500,15326735000
36795,37050,36705,36810,368900,13580976500
36165,36910,36160,36655,603600,22088697500
37000,37170,36760,36865,521000,19252143000
35800,36510,35755,36405,507900,18417528500
35880,36270,35870,35970,447600,16102962000
35705,36395,35655,36250,1133500,40985986000
34640,35065,34450,35005,734900,25621721000
34150,34385,34075,34365,531700,18234550000
33505,33950,33505,33795,464900,15679427000
34065,34345,33900,34125,1866600,63615410000
33695,34185,33640,34135,485600,16507440000
33665,33725,33415,33675,359700,12077724500
33960,34070,33735,33900,354600,12030796000
34345,34360,33845,33960,339400,11554964000
34375,34400,34025,34035,381500,13040193000
33635,34000,33550,33970,387600,13134944000
33910,34250,33730,33735,734700,24987428500
32690,33360,32615,33165,482400,15985643000
32685,32700,32460,32540,139100,4528217000
32470,32550,32220,32550,412000,13355494000
32905,32935,32495,32665,357000,11666088000
33250,33250,32970,33065,263200,8712811500
33310,33355,32940,33000,279200,9250144500
33065,33410,33055,33355,363000,12069326000
32885,33150,32880,32900,236300,7794449500
32995,33070,32900,32985,281400,9280858000
32825,32935,32715,32800,218400,7169932500
33010,33055,32845,32850,345700,11383470500
32900,32985,32675,32695,312400,10236444000
33095,33100,32885,33030,170400,5623300000
33000,33160,32945,33005,212600,7029288000
32695,32970,32655,32885,293800,9640583500
33000,33220,32740,32885,319200,10515311000
33015,33190,32685,33100,545700,18021526000
32800,32990,32030,32105,1075000,34848887000
33045,33590,32970,33350,478800,15920436000
33480,33810,33205,33320,507200,16955394500
33950,34025,33520,33565,493400,16649332000
34010,34285,33950,34075,368900,12583943000
34290,34550,34105,34150,482100,16528314500
34395,34740,34285,34405,746500,25739881000
33930,34400,33920,33975,492600,16797532500
33610,34055,33545,33970,654700,22184942500
32900,33365,32835,33300,494000,16399894500
32360,32785,32340,32750,330600,10784160000
32370,32600,32180,32295,482200,15606513500
32350,32465,32210,32280,294000,9506613500
32360,32470,32225,32350,453600,14674785000
32375,32580,32185,32355,530600,17149208000
32980,33175,32860,32875,281000,9268361000
32960,33020,32615,32890,374600,12306877500
32710,33130,32710,33050,436100,14386845500
32875,32945,32380,32760,576600,18833748000
32990,33400,32555,32855,1070100,35312276500
33235,33685,33200,33505,565200,18952112500
33000,33255,32800,33240,471500,15582424000
33380,33535,33150,33220,447000,14890890500
33445,33750,33310,33580,394300,13256837500
33740,33750,33360,33420,336500,11264761000
33800,33865,33330,33375,566500,18995981000
33520,33775,33235,33335,460200,15398487000
33150,33790,33030,33455,623000,20859713500
33635,33790,33150,33330,510300,17023728000
34345,34565,33400,33635,653400,22126350500
34550,34645,34320,34590,308700,10664505000
34300,34615,34215,34350,318500,10943566500
34280,34895,34220,34700,359900,12450344500
34855,34975,34635,34765,503400,17511352000
34325,34770,34270,34415,611600,21107120000
33695,34495,33530,34480,707800,24241358000
33330,33785,33320,33605,494500,16605901500
33165,33490,33140,33250,354300,11787183000
33610,33835,32920,33150,645700,21470803500
32900,34030,32900,33975,1489100,49336374500
33925,33940,33255,33510,693200,23223864000
34300,34610,34110,34215,348900,11965034000
34780,35170,34215,34335,622300,21554736000
35075,35170,34870,34880,411100,14381697000
34995,35045,34525,34820,562900,19572780500
34440,34895,34400,34820,603400,20924184500
34840,35010,34110,34320,697200,24026208500
34990,35055,34700,34990,549700,19211543500
33960,34675,33850,34480,608500,20943007500
34215,34410,33420,33590,666000,22494703000
33600,34095,33600,34015,379400,12848842500
33825,34170,33530,34040,531700,18040295500
33420,34030,33400,33825,562500,19034435500
33305,33580,33265,33555,428500,14329395500
32600,33150,32560,32990,522400,17197669000
31940,32550,31805,32550,660100,21300914000
31365,31620,31225,31450,452800,14223099500
31570,31980,31535,31790,294900,9366761000
31930,32050,31365,31395,419000,13255192000
31210,31745,31120,31710,476800,14994717000
32050,32240,31790,31855,418100,13373936500
32635,33055,32445,32445,475400,15536573500
32120,32790,32015,32680,655600,21332559000
31315,31715,31275,31580,351800,11090712500
31360,31630,31265,31470,619500,19469207000
31320,31900,31320,31565,609200,19251755500
31600,31670,30950,30950,1033500,32327470500
31755,32220,31750,32040,502100,16048032500
31800,32220,31700,32100,499600,15987805500
32140,32230,31685,31770,668800,21344693500
32390,32595,32010,32140,935000,30065307000
32575,33220,32440,32770,608000,19922858500
33295,33465,32830,32875,475900,15731329500
33120,33430,32815,33275,480500,15905762500
33805,34095,32840,32860,557100,18600865500
33825,34260,33665,33700,401400,13632539500
33730,34155,33560,33710,462100,15618641500
33605,33745,33120,33430,665600,22279073000
32920,33950,32800,33950,883200,29638470000
33205,33250,32505,32660,743700,24377326000
33120,33140,32225,32795,1087900,35600588500
34610,34875,33030,33820,2688800,91738484000
37700,37795,36385,36710,635300,23428152500
37950,38195,37250,37250,664200,25004613000
38070,38770,37920,38220,663600,25432376000
37965,38400,37905,37975,426000,16233818000
37960,38685,37950,38665,398200,15315137000
37815,38760,37700,38400,643300,24701546000
37400,37935,36900,37730,556600,20911142500
37255,37555,36960,36990,458900,17050596500
38005,38165,37420,37435,464600,17506695500
37000,38040,36975,37885,552200,20838163000
35715,37265,35680,37170,847100,30931023000
36315,36415,35850,35980,663600,23968986000
35985,36305,35760,35925,393000,14155765000
35780,36420,35320,36340,723700,26051069000
36605,36650,35150,35405,536800,19136341000
35510,36850,35235,36190,610400,21958520500
36110,36250,35590,35590,393900,14130484000
35625,35970,35425,35680,532900,19020716000
35740,36075,35580,35850,2126600,76040345500
37060,37245,36565,36690,491400,18132871500
37160,37250,36730,36760,592800,21900118000
37925,38060,37600,37870,474800,17977399500
38170,38645,37665,37690,541100,20545476500
38350,38580,37955,38400,713900,27351986000
37070,38125,36665,37650,761000,28535131000
36700,37145,36600,36975,861000,31810940500
35780,36070,35400,35890,620000,22171103000
34550,35675,34550,35480,792200,27836887000
35605,35700,34820,35050,588100,20720089500
35965,35970,35360,35550,457000,16288466500
35785,36670,35710,36180,436100,15780954000
36650,36845,36305,36530,569000,20844624500
35300,36080,35240,35995,610100,21787144500
34930,35940,34900,35755,763800,27129426000
35230,35375,34505,34525,730500,25416953000
35590,36125,35490,35720,471100,16842905500
35290,36685,34605,36265,1022900,36708951500
34520,35085,34425,34750,493600,17133204000
35625,36030,34500,34600,1375500,48560116500
36235,36380,35600,35715,731500,26315816000
37600,37795,36455,36630,737000,27206683500
36840,37360,36620,37335,554900,20589212500
36480,36520,36100,36260,519500,18853730000
35865,36730,35805,35830,674600,24441740000
36705,36895,35520,35960,1014400,36593316000
36400,36665,36000,36035,998200,36202010000
37410,37580,37015,37185,714600,26638214000
39205,39340,37500,38110,842000,32322208500
38670,38815,37980,38765,939400,36140915500
38830,39375,38700,39360,904700,35331971000
37895,38130,37525,38130,691900,26202755500
37150,37790,37120,37600,1047200,39218174000
38135,38475,37680,38215,1293600,49294474000
39025,39680,38740,38825,954600,37387720000
38500,39070,38120,38840,952300,36766650500
38100,39295,38100,39120,927200,36174689000
38300,38400,37850,38005,634600,24134298500
38245,39040,38200,38630,998100,38496626500
39210,39500,38600,38820,917700,35810600000
39900,39945,39215,39755,938700,37159892500
39050,39800,38900,39015,1504400,59123005500
40250,41600,40200,41100,2206300,89903100000
40450,40550,39700,39800,943200,37779915000
40850,41550,40750,41350,722800,29756515000
40200,41250,40200,40500,1093600,44436075000
42500,42600,40900,40900,1562000,65006385000
43400,43800,42600,43400,841000,36362330000
43950,44150,42650,43300,941900,40697850000
44800,45350,43300,44050,1219600,53859195000
42550,44450,42350,44350,1209900,52879810000
42800,43300,42150,42350,1319800,56356545000
40500,41900,40500,41850,988100,40892345000
40150,41050,39850,40750,1714000,69480885000
37950,39050,37900,39000,1005900,39013375000
37850,38300,37750,37950,633700,24104290000
38250,38300,37350,37400,623600,23520870000
37000,38400,37000,38100,2793800,104542045000
37250,37400,36700,37200,834800,30881030000
37600,37900,37150,37700,860600,32321015000
38450,38500,38000,38150,661900,25274220000
38300,38750,38000,38700,791700,30397770000
36500,37550,36500,37450,834700,30888845000
38050,38350,36750,37000,1092400,40954995000
38300,38800,37800,38200,1072000,41013470000
39350,39450,38700,38950,1009900,39440345000
38600,39050,38400,38950,592800,22978975000
38650,39600,38350,38800,1152600,44887825000
38000,39000,37950,38950,1176500,45350050000
37250,37700,36850,37650,668100,24997255000
37200,37800,37150,37700,591200,22197495000
37400,37950,37100,37700,879500,33092500000
37800,38000,36750,36800,1197400,44737245000
36400,37350,36100,37100,1143900,42232775000
36150,36400,35800,35800,643600,23259630000
35550,36000,35250,35950,667000,23797445000
36050,36300,35300,35700,896500,32118555000
35050,35750,34600,35600,1321200,46713335000
33050,34650,32950,34250,1565600,53358860000
31800,32650,31800,32550,543300,17584600000
30950,32250,30850,32200,823500,26180790000
30900,31000,30650,30800,589700,18176820000
30900,31050,30350,30600,1058200,32478830000
32400,32550,31700,31750,456700,14603295000
31500,32350,31400,32250,617700,19692050000
32800,32850,32200,32500,436600,14192255000
33050,33350,32400,32650,563900,18499295000
33700,33800,32850,32850,546200,18183825000
33550,34000,33400,33900,657900,22185290000
32700,33100,32600,33000,467800,15358890000
32850,33250,32600,33200,458000,15094010000
33050,33350,32150,32150,816500,26656585000
33300,33650,32600,33300,715600,23683155000
34650,34700,33350,33500,689000,23367175000
34000,34650,34000,34450,327200,11251820000
34050,34300,33950,34200,431100,14727575000
33950,34250,33700,33850,508300,17243650000
34450,34600,33850,34150,645600,22116670000
34000,34200,33650,33850,583900,19769610000
33650,34350,33650,34200,623100,21235260000
33150,33500,32700,33450,2100600,69611490000
35300,35350,34250,34550,463200,16067725000
34150,34850,33850,34750,512600,17739850000
33950,34600,33700,34550,520300,17833740000
35000,35050,34000,34050,658800,22586990000
34750,35200,34300,34600,738600,25629510000
34850,35450,34550,35250,1047800,36779000000
37150,37250,35450,35550,1194000,43116445000
37200,37650,36950,37100,574500,21405360000
36800,37350,36650,36850,626000,23133170000
37700,38100,37400,37750,727400,27498030000
36750,37800,36400,37600,777400,28941890000
36900,37200,36350,36350,613500,22496185000
36550,37300,36350,37200,465100,17160095000
36950,37100,36600,36750,570600,21044525000
37000,37200,36500,36900,832800,30761760000
35500,36500,35450,36350,766900,27730395000
35650,35750,35150,35200,365700,12991420000
35150,35600,35000,35500,2078900,73211245000
34900,35650,34900,35300,617400,21794600000
34950,35900,34750,34750,747500,26333600000
34400,34800,34150,34750,607300,20949150000
34350,34350,33800,34050,619100,21137560000
34500,34500,32950,32950,697000,23353915000
34500,34800,33900,34200,677500,23256040000
34050,34100,33100,34050,851700,28682135000
33000,34100,33000,34050,874800,29581855000
32050,32900,31850,32750,503100,16387495000
32100,32350,31700,31900,662300,21221420000
31300,31800,31150,31800,601000,18937290000
30150,31100,30050,30900,636500,19512970000
31300,31800,31150,31300,310900,9757695000
32150,32200,31600,31750,350100,11146765000
32050,32450,31600,31850,773200,24739100000
31000,31500,30600,31100,484200,15016250000
31350,31550,30400,31300,724300,22496845000
31600,32000,30950,31150,658300,20637370000
32350,32450,31800,32200,352800,11337065000
31500,32400,31200,32000,484200,15462755000
32500,33050,31900,32100,690100,22299030000
32800,33250,31950,33200,727100,23773995000
32000,32650,31750,32650,548700,17687220000
31200,31900,30750,31300,520000,16275615000
31950,32450,31300,31650,1176800,37520645000
32950,34000,31900,32100,885900,29190125000
33650,34150,32900,32900,900100,30154900000
34550,35150,33600,35050,632000,21720120000
35300,35600,34600,34700,500200,17524410000
34900,35750,34800,35600,694400,24538035000
33050,34200,33000,34200,575700,19414605000
33700,33700,33000,33550,767800,25634410000
33800,34550,33600,34400,804600,27455955000
34750,35200,34100,34100,716200,24736105000
36150,36600,35450,35450,772300,27745910000
36350,36950,36200,36650,501500,18340250000
36450,36600,36100,36300,554700,20144195000
36000,37150,35950,36650,635900,23331210000
36800,36900,35750,36450,724900,26367525000
37300,37700,35500,36150,1503000,54780640000
35950,36900,35500,36750,827000,30066595000
35050,35900,34950,35850,641800,22752910000
35750,36450,34900,35300,1185400,42085050000
36700,37150,36000,36450,2045100,74792760000
37400,38750,37350,38700,607900,23248715000
37950,38750,37250,38000,741300,28191795000
37150,38500,36700,38450,775300,29268710000
37900,38250,36750,36800,769100,28881000000
35900,37000,35750,37000,729900,26635595000
34550,35350,34400,35250,399100,13999445000
36000,36250,34450,34800,919900,32384380000
33900,35350,33800,35300,794700,27471675000
33500,34000,32700,33900,587800,19613575000
31850,33500,31300,33450,929200,30332810000
31000,31650,30600,31500,630900,19696455000
31300,31850,30450,30600,832900,25968990000
30500,31100,29670,30500,855800,25895623000
32150,32150,30100,30300,643500,19921085000
29210,31950,29010,31050,1457500,44606287000
29670,30450,29220,29620,1124100,33513921000
30350,30700,29630,30300,797200,24051740000
29310,30200,29120,29820,706000,20969089000
28500,29800,27900,29740,1089400,31497771000
28650,29650,28540,28940,2795100,80528356000
30350,30550,28550,28550,1669200,48822234000
30600,31400,30100,31250,644000,19810950000
31900,32500,31050,31250,798500,25238755000
32500,32550,30600,32050,959100,30352010000
28990,31350,28580,31100,1776000,53695508000
30350,30450,29210,29460,1642600,48937703000
33950,34100,29580,29920,1979000,61878398000
32950,33900,32000,33050,1121600,37128325000
34600,34600,32700,32700,1052000,34905870000
34600,35200,33650,34900,1148600,39635715000
35750,36100,33200,33200,1562000,54314005000
38450,38550,36800,37350,932000,34854790000
37100,38950,36900,38100,875600,33246935000
36200,37600,35600,37250,1049300,38618070000
39550,40200,35200,38300,2233800,84350360000
42000,44400,38100,38100,2721100,112600395000
38600,41500,38550,41400,1105000,44550080000
38700,38950,38250,38550,416000,16026805000
38750,39200,38600,39200,537100,20950765000
38250,38900,37700,38900,644600,24769750000
38750,38850,37550,38250,740400,28338140000
39000,39250,38250,38800,530200,20556585000
38300,38400,37900,38000,347400,13249925000
37850,38450,37550,38000,451900,17165145000
37400,37600,36850,37300,1043500,38939705000
36450,36900,36250,36250,365500,13333500000
36400,36900,36100,36250,690800,25160330000
36600,37050,36000,36950,688400,25214930000
35950,36100,35300,35350,595800,21182970000
35750,36450,35500,36000,428600,15443185000
35600,35850,34900,35700,706600,25034545000
34600,35750,34350,35700,1486000,52344630000
34050,34450,33650,34100,628800,21466550000
33750,34100,33650,34050,434400,14746405000
33950,34150,33450,33500,412900,13902130000
33900,34350,33550,34300,523000,17797465000
33950,33950,33350,33500,378300,12706085000
33500,34150,33300,33500,631500,21272870000
34050,34400,33700,33950,498400,16959650000
32650,34300,32550,33800,929200,31146285000
33550,34200,33350,33350,661400,22313655000
33850,34800,32650,34250,2437900,82687485000
34200,34550,33300,34550,1049100,35624390000
33500,34150,33300,33500,1013400,34200255000
34900,35200,33700,33750,940900,32324190000
35600,36300,34900,35050,868800,30806060000
38000,38350,34900,34900,1376100,50015735000
34800,35850,33600,35650,1395300,48352980000
33500,35800,33350,35650,1713000,59356475000
30850,31350,30300,31300,1230700,38038850000
30850,31350,30500,30650,1731200,53555090000
30200,30800,30000,30650,518000,15805895000
29970,30250,29810,29930,1018700,30534389000
30400,30450,29700,30150,484400,14540375000
30150,30600,30050,30150,521300,15764260000
30100,30900,29940,30700,857600,26149229000
30200,30400,29300,29330,919700,27438579000
30550,30800,30200,30700,423800,12946040000
30050,30250,29840,30100,597600,17951942000
29620,29820,29290,29290,682700,20196459000
30300,30650,30100,30400,490600,14939170000
29860,30350,29850,30300,778000,23407372000
30100,30350,29390,29550,1083500,32180192000
30900,31300,29990,30200,1014500,30784784000
31450,31500,30700,30900,1092800,33921230000
29000,31600,28950,31500,4937300,146045036000
29440,29650,28610,28690,1306700,37885194000
27570,29070,27530,28940,1698900,48473946000
26370,27100,26210,26770,1100000,29340707000
25800,25800,25130,25370,542400,13808592000
25170,25630,25080,25380,505500,12833381000
25150,25480,25050,25430,849500,21488093000
25100,25240,24570,24580,588700,14625646000
25000,25300,24920,24960,1063600,26667532000
25660,26000,25590,26000,817100,21092770000
24830,25190,24510,25170,664100,16553250000
25360,25470,24870,24910,659000,16551280000
25520,25550,25320,25450,506600,12896737000
25200,25590,25150,25320,386300,9788500000
25210,25540,25050,25390,736600,18679118000
24780,25290,24730,24860,785200,19653974000
24690,25050,24570,24910,618800,15404206000
24900,24970,24650,24680,408100,10117464000
24760,24980,24500,24860,644000,15978773000
24210,24750,24010,24070,1488000,36013329000
24950,25040,24600,24710,666400,16503531000
24790,25310,24730,25200,922900,23119093000
24310,24470,24110,24230,698500,16966026000
25170,25260,24910,25020,559200,14039475000
24360,24940,24230,24850,700300,17275011000
23570,24080,23490,24080,580300,13841541000
23050,23840,22950,23840,735100,17258508000
22690,23130,22650,22850,480700,11022469000
23380,23450,22900,22940,380700,8790590000
23050,23210,22740,23210,472800,10876476000
22470,22670,22270,22550,477300,10741492000
22650,23070,22330,22330,894000,20299838000
22780,23300,22730,22900,1021700,23492451000
23490,23500,22590,22590,686200,15682371000
23240,23480,22910,23430,892000,20719546000
22700,23190,22170,22740,1001000,22537078000
23410,23420,22710,22720,1010500,23249972000
23860,24090,23770,23820,771200,18431794000
22790,23650,22790,23640,1857900,43063432000
22800,22940,22510,22560,588100,13329332000
22610,22910,22600,22820,633900,14450570000
22690,22950,22580,22910,616800,14048173000
22350,22890,22150,22810,980700,22159586000
22500,22530,22030,22200,587300,13059158000
21480,21970,21450,21840,854200,18569214000
21300,21560,21220,21270,749600,16004759000
20890,21170,20640,21170,644000,13446134000
20350,20770,20290,20770,657300,13530926000
20590,20710,20050,20090,958000,19388002000
20800,20880,20310,20370,1030200,21190530000
21040,21330,20820,21230,834000,17582323000
20610,20840,20540,20830,562500,11662797000
20320,20910,20220,20500,1043300,21498194000
20060,20120,19820,19920,2743500,54972737000
19980,20260,19890,20200,866600,17428830000
19800,19860,19610,19790,520800,10279773000
19360,19700,19340,19640,584700,11446664000
19290,19460,19140,19420,460600,8918597000
19240,19360,19120,19130,393700,7569719000
19200,19420,19050,19250,726600,13997039000
18690,19280,18690,19250,955500,18173690000
18950,18990,18680,18690,513700,9650888000
18800,19090,18730,19010,574900,10902583000
18600,18800,18500,18720,671900,12553104000
18490,18520,18250,18490,637900,11740542000
18460,18640,18400,18430,605600,11204448000
18030,18500,18030,18380,573500,10524389000
18000,18220,17930,18030,580900,10488744000
17790,17860,17640,17860,397800,7062976000
17600,17670,17470,17620,419000,7375330000
17400,17560,17220,17480,337900,5896154000
17400,17490,17200,17420,383900,6668842000
17100,17310,16990,17170,582200,9995256000
16800,16920,16620,16910,485800,8174107000
16850,16930,16680,16690,246600,4136536000
16980,17170,16720,16760,441700,7476121000
16800,16950,16700,16830,298200,5013973000
17050,17170,16870,16870,595300,10124562000
17220,17340,17040,17140,316400,5422694000
17480,17530,17180,17380,367600,6388986000
17420,17430,17220,17340,315700,5467066000
17350,17410,17230,17310,434600,7536166000
17650,17650,17420,17420,379500,6642512000
17700,17710,17350,17440,580300,10154926000
17920,18030,17780,17780,472800,8465609000
17890,18080,17650,17690,526900,9430572000
17950,18000,17760,17830,336000,6004468000
17940,18020,17730,17770,541000,9666309000
17420,17870,17410,17850,578200,10223173000
17030,17590,16970,17400,599300,10397593000
17150,17340,17150,17300,538900,9302111000
16880,17120,16650,17080,421700,7163695000
17010,17010,16830,16910,452600,7653541000
16650,17070,16510,17010,721100,12161236000
16300,16620,16140,16540,784000,12894854000
16100,16250,16100,16190,623200,10089487000
16100,16320,15810,16000,902300,14454274000
16700,16700,15920,16040,2993400,48700854000
17790,17900,17580,17810,634500,11243890000
18300,18400,18000,18040,481400,8734932000
18470,18640,18280,18480,411000,7598468000
18300,18500,18270,18470,459100,8453798000
18230,18320,18060,18150,390000,7092429000
17760,18300,17730,18180,828400,14998569000
17710,17850,17500,17530,582000,10250213000
18120,18260,17710,17790,384000,6881449000
18300,18400,18150,18150,528500,9654567000
18100,18150,17830,18120,358400,6465110000
18120,18160,18010,18020,364500,6586733000
18110,18430,18100,18190,556200,10171340000
17990,18350,17830,18110,833100,15050762000
18210,18220,17990,18060,381500,6899649000
18060,18250,18000,18060,1063500,19236754000
17580,18250,17560,18050,1166700,21037918000
18490,18490,17470,17480,1517700,27028282000
18580,18840,18580,18790,1906800,35554261000
18300,18450,18220,18400,259100,4756469000
18180,18340,18010,18310,327900,5969702000
17970,18190,17930,18080,322200,5826809000
18050,18160,17850,18030,423400,7622429000
18220,18300,18110,18110,431500,7851437000
17900,18080,17750,18010,376300,6754864000
17920,18120,17780,17900,727000,13046717000
18200,18260,17990,18080,439300,7952709000
18270,18400,18140,18140,372600,6797723000
18070,18370,18050,18270,387700,7078298000
18500,18500,18200,18270,352300,6452693000
18500,18540,18380,18520,467600,8647562000
18450,18580,18340,18540,733900,13575931000
18250,18340,18190,18300,341700,6247179000
18150,18190,18060,18090,409600,7418729000
18110,18400,18020,18350,585900,10698553000
17920,18200,17910,18190,413900,7478166000
17920,18080,17850,17920,349900,6281944000
17990,18040,17890,17940,485800,8723688000
17980,18050,17870,17920,534400,9601976000
17520,17950,17410,17920,650200,11571724000
17400,17450,17210,17400,279500,4843885000
17270,17400,17260,17360,328400,5691475000
17200,17370,17190,17250,229500,3966140000
17460,17590,17210,17220,856100,14863604000
17220,17680,17210,17610,727300,12716226000
16950,17340,16950,17220,771000,13279227000
16630,16900,16600,16840,466100,7836997000
16460,16700,16420,16650,509100,8442991000
15850,16490,15850,16300,853200,13901878000
16230,16230,15720,15840,768100,12204483000
16050,16310,16020,16270,463000,7474758000
15960,16230,15950,16150,510700,8232068000
16070,16100,15900,15980,370500,5928658000
16060,16150,15920,15950,372100,5958840000
15890,15930,15760,15910,500500,7931032000
15740,15850,15620,15770,497400,7830211000
15800,15940,15660,15840,470300,7449671000
16090,16120,15660,15730,518000,8189977000
15980,16340,15930,16090,693900,11200606000
15980,16150,15850,15900,493900,7885207000
16170,16170,15940,16000,576900,9266952000
15410,16100,15400,16060,908600,14439306000
15210,15520,15210,15330,920400,14085399000
15480,15630,15250,15290,721400,11104580000
15320,15460,15300,15430,455300,7008330000
15410,15490,15280,15380,616600,9497999000
15280,15630,15270,15400,825800,12725636000
15730,15900,15670,15790,466900,7369540000
15810,15880,15710,15780,299400,4723840000
15850,15960,15770,15850,420500,6669183000
15560,15750,15400,15720,875800,13612139000
16000,16140,15920,15960,474400,7602646000
15560,16000,15520,15880,667700,10550660000
15950,15950,15620,15720,577500,9092955000
15550,15790,15450,15790,551100,8644911000
15190,15610,15170,15510,561300,8662238000
15200,15390,15200,15310,408800,6256717000
15260,15430,15210,15350,587100,8994468000
15360,15540,15230,15460,685500,10566691000
15490,15540,15180,15350,689500,10576456000
15600,15610,15300,15390,492200,7598352000
15800,15830,15550,15600,524200,8214133000
15410,15560,15350,15490,669100,10364214000
15300,15570,15270,15290,903200,13885785000
15270,15560,15270,15500,637400,9858239000
15210,15600,15140,15220,814600,12481339000
15580,15620,15420,15500,688100,10685085000
15760,15990,15210,15250,3979800,62049782000
16450,16530,16010,16030,964400,15627555000
16200,16470,15830,16360,1367600,22115403000
17000,17010,16050,16060,1815700,29842212000
17370,17650,17300,17610,696000,12165188000
17490,17830,17480,17770,623400,11056730000
17570,17710,17240,17490,879200,15325852000
17670,17990,17620,17890,657500,11735841000
17580,17780,17440,17660,733700,12920397000
17400,17740,17360,17590,588600,10371807000
16870,17250,16760,17220,610900,10430914000
16760,17000,16750,16820,695900,11736650000
17080,17090,16580,16710,754900,12652800000
17180,17270,16920,17200,595300,10186427000
16940,17170,16810,17100,618700,10546350000
16480,16880,16470,16670,870800,14542748000
16830,16970,16610,16700,830500,13920042000
16840,16980,16710,16820,845100,14218297000
16760,17100,16670,16980,652300,11055695000
16540,16970,16510,16820,506900,8520764000
16630,16690,16410,16450,701200,11611769000
16880,16880,16630,16640,545600,9121487000
17090,17090,16850,16890,548500,9286016000
16890,17230,16890,17150,549100,9377491000
16730,17160,16670,16890,788700,13348310000
17650,17670,17270,17500,551300,9639884000
17680,17810,17510,17600,501400,8858633000
17830,18070,17680,17930,1007000,17995141000
17880,17940,17580,17860,1248100,22168827000
17950,18160,17910,18060,774700,13985146000
17880,18030,17630,17850,671600,11960398000
18460,18480,17930,18060,784300,14246534000
18540,18670,18500,18590,485100,9019170000
18620,18750,18540,18690,568800,10604302000
18930,18950,18570,18860,541800,10179454000
18520,18760,18310,18600,626000,11584248000
18900,18900,18540,18690,768500,14374971000
18270,19020,18240,18970,3616500,67067655000
17320,17530,17230,17470,532700,9270363000
17340,17420,17170,17210,662500,11446612000
17440,17690,17350,17490,543300,9520194000
17420,17630,17170,17350,657500,11441757000
17550,17690,17390,17570,761000,13372239000
17680,17980,17380,17440,1587000,28010559000
18600,18630,17800,17800,1914900,34706476000
19020,19080,18880,18880,486100,9219187000
18890,19150,18870,19030,902800,17169492000
18550,18860,18410,18860,768900,14385315000
18300,18640,18220,18630,640000,11859029000
18350,18430,18260,18350,440600,8077998000
18250,18460,18160,18460,666200,12213115000
18120,18180,17990,18050,358200,6469680000
18000,18140,17940,18030,572000,10301059000
17950,18180,17910,18180,683000,12327580000
17610,18020,17610,18000,681700,12169763000
17720,17790,17530,17700,479500,8477571000
17930,17990,17640,17710,700700,12455203000
17950,18040,17860,17910,667100,11976872000
18120,18140,17860,17860,747400,13432240000
17700,17980,17690,17780,957400,17101000000
17870,17950,17580,17580,737700,13124858000
17780,17800,17470,17660,3354800,59552963000
17000,17400,16920,17400,921100,15871876000
16780,16950,16760,16790,745300,12554155000
17120,17350,17000,17020,736100,12615016000
16940,17210,16850,17080,698500,11941205000
16970,17000,16810,16850,625300,10569870000
16770,17070,16750,16960,653900,11070043000
16750,17030,16710,16830,756300,12771921000
16390,16720,16250,16720,562800,9303219000
16670,16670,16300,16380,535800,8785347000
16700,16730,16590,16680,600800,10005458000
16570,16820,16540,16690,779500,13025908000
16450,16670,16410,16610,648600,10761584000
16360,16480,16230,16450,575800,9423623000
16840,16840,16430,16450,552200,9158291000
16230,16520,16150,16440,1022600,16755603000
16120,16180,15910,15970,542300,8677985000
15780,16200,15740,16120,953500,15292550000
15500,15770,15470,15710,528900,8288612000
15500,15650,15320,15630,453200,7040798000
15680,15680,15460,15470,1007500,15717170000
15900,15910,15630,15710,700900,11042748000
15790,16030,15740,16000,773900,12348736000
15740,15780,15560,15620,470800,7359944000
15600,15830,15540,15810,527600,8298393000
15450,15520,15290,15440,604200,9312741000
15440,15480,15310,15470,531700,8191740000
15080,15250,14930,15220,491700,7428435000
15020,15200,15010,15150,639900,9683591000
15070,15200,14910,15000,472200,7091748000
14760,15030,14750,15030,814400,12104764000
14900,15020,14860,14970,379900,5676950000
15100,15100,14920,14920,500400,7507244000
14770,15110,14740,15100,714700,10720584000
14630,14790,14590,14720,541800,7968019000
14990,14990,14680,14680,778200,11548618000
14980,15060,14930,14950,507200,7607979000
14780,15000,14740,14980,650300,9677803000
14640,14820,14630,14750,442100,6511265000
14610,14670,14530,14610,360100,5255652000
14740,14780,14450,14770,1543700,22669096000
14520,14600,14330,14520,540500,7814121000
14360,14750,14280,14590,1043400,15191988000
13890,14390,13860,14390,952300,13533413000
13990,14030,13790,13850,765500,10635609000
13720,13840,13600,13800,511500,7030811000
14050,14050,13700,13720,559100,7719804000
